7
-1,850,350,3700,1500,1000,900
850,-1,2000,3900,3100,1400,1400
350,2000,-1,3600,1100,750,950
3700,3900,3600,-1,1900,900,3200
1500,3100,1100,1900,-1,1700,2000
1000,1400,750,900,1700,-1,2100
900,1400,950,3200,2000,2100,-1
